   1.9120182e-02  -1.6304609e-03   9.0012736e-04   9.4569324e-04   7.6250567e-03   8.5900731e-05   2.8211771e-03   2.8525121e-04   2.3305497e-02  -8.4591911e-03   5.1473955e-03   5.2446219e-03   4.0218947e-02   3.2590334e-04   1.4816356e-02   1.3788053e-03   2.5751648e-02  -9.5297951e-03   6.0186179e-03   5.9718719e-03   4.4963194e-02   2.9614884e-04   1.6508129e-02   1.4348090e-03   1.8851673e-02  -1.6408411e-03   1.0711395e-03   9.9807013e-04   7.4345031e-03   2.6228665e-05   2.6925716e-03   2.1128928e-04
  -1.6304609e-03   4.2640259e-04   1.2256791e-04  -2.1770164e-06  -6.6231954e-04   9.7676931e-06  -1.1851796e-04   1.6143797e-05  -8.4591911e-03   3.3342032e-03  -1.9324485e-03  -1.9463606e-03  -1.4641748e-02  -1.1504361e-04  -5.2360395e-03  -4.7495092e-04  -9.5297951e-03   4.2949248e-03  -2.7754074e-03  -2.4175160e-03  -1.6900656e-02  -1.6227621e-04  -5.8114167e-03  -5.4319469e-04  -1.6408411e-03   1.4317931e-03  -8.9404056e-04  -3.4995128e-04  -1.1448045e-03  -9.0729442e-05   1.4854472e-04  -3.6573126e-05
   9.0012736e-04   1.2256791e-04   7.4806443e-04   3.4163714e-04   3.3716991e-04  -1.8233592e-04   1.9566686e-04  -1.8883107e-04   5.1473955e-03  -1.9324485e-03   1.7284157e-03   1.3348081e-03   8.9531320e-03  -7.8964001e-05   3.2391080e-03   1.4161824e-04   6.0186179e-03  -2.7754074e-03   2.0026440e-03   1.5523837e-03   1.0663844e-02   4.6550126e-05   3.5621777e-03   3.2520310e-04   1.0711395e-03  -8.9404056e-04   7.6281677e-04   3.1815912e-04   6.9139243e-04   8.5623430e-05  -2.4521293e-04   1.1186119e-04
   9.4569324e-04  -2.1770164e-06   3.4163714e-04   7.9037110e-04   7.7045239e-04   1.3345255e-04   8.8988809e-05  -1.8934186e-04   5.2446219e-03  -1.9463606e-03   1.3348081e-03   1.6647555e-03   9.3472446e-03   1.6838418e-04   3.3549264e-03   1.7242208e-04   5.9718719e-03  -2.4175160e-03   1.5523837e-03   1.6909171e-03   1.0542709e-02   1.9130015e-04   3.7833703e-03   3.6820049e-04   9.9807013e-04  -3.4995128e-04   3.1815912e-04   4.2018551e-04   4.3710748e-04   1.8377717e-04   1.0390646e-05   1.5604267e-04
   7.6250567e-03  -6.6231954e-04   3.3716991e-04   7.7045239e-04   4.1016669e-03   3.2134116e-04   1.4662596e-03   2.2370067e-04   4.0218947e-02  -1.4641748e-02   8.9531320e-03   9.3472446e-03   7.0509995e-02   7.3153927e-04   2.6026744e-02   2.4133302e-03   4.4963194e-02  -1.6900656e-02   1.0663844e-02   1.0542709e-02   7.9524430e-02   5.5400790e-04   2.9224629e-02   2.4739388e-03   7.4345031e-03  -1.1448045e-03   6.9139243e-04   4.3710748e-04   3.7040663e-03  -1.8147850e-05   1.2256340e-03   1.7336042e-06
   8.5900731e-05   9.7676931e-06  -1.8233592e-04   1.3345255e-04   3.2134116e-04   4.5830770e-04  -1.8272497e-05   1.8789288e-04   3.2590334e-04  -1.1504361e-04  -7.8964001e-05   1.6838418e-04   7.3153927e-04   4.1581222e-04   2.2065916e-04   1.5670917e-04   2.9614884e-04  -1.6227621e-04   4.6550126e-05   1.9130015e-04   5.5400790e-04   3.8319126e-04   2.2522252e-04   1.1541347e-04   2.6228665e-05  -9.0729442e-05   8.5623430e-05   1.8377717e-04  -1.8147850e-05   3.6739995e-04   3.0846655e-05   8.9106362e-05
   2.8211771e-03  -1.1851796e-04   1.9566686e-04   8.8988809e-05   1.4662596e-03  -1.8272497e-05   9.6023958e-04   1.7657487e-04   1.4816356e-02  -5.2360395e-03   3.2391080e-03   3.3549264e-03   2.6026744e-02   2.2065916e-04   9.9539361e-03   9.2127070e-04   1.6508129e-02  -5.8114167e-03   3.5621777e-03   3.7833703e-03   2.9224629e-02   2.2522252e-04   1.1295659e-02   8.2147866e-04   2.6925716e-03   1.4854472e-04  -2.4521293e-04   1.0390646e-05   1.2256340e-03   3.0846655e-05   1.2479661e-03  -1.6297491e-04
   2.8525121e-04   1.6143797e-05  -1.8883107e-04  -1.8934186e-04   2.2370067e-04   1.8789288e-04   1.7657487e-04   3.7082101e-04   1.3788053e-03  -4.7495092e-04   1.4161824e-04   1.7242208e-04   2.4133302e-03   1.5670917e-04   9.2127070e-04   3.5174676e-04   1.4348090e-03  -5.4319469e-04   3.2520310e-04   3.6820049e-04   2.4739388e-03   1.1541347e-04   8.2147866e-04   2.8490928e-04   2.1128928e-04  -3.6573126e-05   1.1186119e-04   1.5604267e-04   1.7336042e-06   8.9106362e-05  -1.6297491e-04   2.4048908e-04
